0
0
0
0
0
0
0
1.1847
0
0
0
0
0
0
0
0
0
-1.1829
0.013001
0
-0.00075138
0
0
0
0
0
0
0
6.6901e-005
0
0
0
0
0
0
0
0
0
0.00016119
-2.9956e-005
0
0.37967
0
0
0
0
0
0
0
-2.7605
0
0
0
0
0
0
0
0
0
0.32289
-8.5576
0
-0.58449
0
0
0
0
0
0
0
0
0
0
0
0
0
0
0
0
0
0
0
0
0
8.459e-017
1.1102e-016
-7.3912e-017
-1.5743e-016
0
0.085907
0.16378
-0.57153
0.16388
0.085577
0
0
0
0
0
0.085169
0.16369
-0.57114
0.1645
0.086973
-0.026285
0
0
0
0
0
0
0
0
0
0
0
0
0
0
0
0
0
0
0
0
0
0
0
0
0
0
0
0
0
0
0
0
0
0
0
0
0
0
0
0
0
0
0
0
0
0
0
0
0
0
0
0
0
0
0
0
0
0
0
0
0
0
0
