-6.180082784898914383e+01
-2.530454112841306014e+01
2.530454112841295711e+01
6.180082784898895198e+01
6.180082784898905146e+01
2.530454112841313830e+01
-2.530454112841301750e+01
-6.180082784898867487e+01
0.000000000000000000e+00
-2.530454112839998970e+01
-6.180082784899966697e+01
-6.180082784899953197e+01
-2.530454112839954206e+01
2.530454112840016023e+01
6.180082784899966697e+01
6.180082784899923354e+01
2.530454112839993641e+01
0.000000000000000000e+00
-1.132238257611782117e+01
-1.132238257612448429e+01
-1.132238257612455001e+01
-1.132238257611788512e+01
-1.132238257611793486e+01
-1.132238257612463883e+01
-1.132238257612458021e+01
-1.132238257611786381e+01
0.000000000000000000e+00
1.234070624408204964e+02
-1.234070624408151389e+02
-1.234070624408152526e+02
1.234070624408210222e+02
1.234070624408172989e+02
-1.234070624408120693e+02
-1.234070624408153236e+02
1.234070624408207237e+02
0.000000000000000000e+00
1.255706712932665425e+02
1.255706712932533264e+02
-1.255706712932553160e+02
-1.255706712932653772e+02
1.255706712932662867e+02
1.255706712932549181e+02
-1.255706712932554581e+02
-1.255706712932642688e+02
0.000000000000000000e+00
