-3.304607420707657184e+01
-1.353324483752889940e+01
1.353324483752867202e+01
3.304607420707674947e+01
3.304607420707670684e+01
1.353324483752867202e+01
-1.353324483752891716e+01
-3.304607420707653631e+01
0.000000000000000000e+00
-1.353324483752970764e+01
-3.304607420707603893e+01
-3.304607420707606735e+01
-1.353324483752966145e+01
1.353324483752965257e+01
3.304607420707601761e+01
3.304607420707607446e+01
1.353324483752964369e+01
0.000000000000000000e+00
-1.402122831613774423e+01
-1.402122831613711185e+01
-1.402122831613718645e+01
-1.402122831613787390e+01
-1.402122831613788456e+01
-1.402122831613715093e+01
-1.402122831613707277e+01
-1.402122831613776910e+01
0.000000000000000000e+00
7.074433794317162949e+01
-7.074433794317177160e+01
-7.074433794317185686e+01
7.074433794317157265e+01
7.074433794317181423e+01
-7.074433794317194213e+01
-7.074433794317207003e+01
7.074433794317195634e+01
0.000000000000000000e+00
7.196043203996497084e+01
7.196043203996670456e+01
-7.196043203996694615e+01
-7.196043203996461557e+01
7.196043203996515558e+01
7.196043203996669035e+01
-7.196043203996715931e+01
-7.196043203996424609e+01
0.000000000000000000e+00
